423    16    225
3.8422879590081305 5.820908197883772 3.8768446358601327 
0    0     0     320     102     1     20	A
1    2     0     421     59     1     1	D
2    1     0     142     129     4     11	D
3    0     0     275     17     5     3	B
4    0     0     183     74     4     14	D
5    2     0     306     69     2     6	C
6    2     0     5     224     1     24	D
7    1     0     249     102     3     29	A
8    1     0     405     145     6     25	B
9    1     0     343     11     2     18	A
10    2     0     50     59     3     18	A
11    2     0     296     119     7     21	B
12    2     0     103     178     1     4	D
13    0     0     163     36     3     22	A
14    1     0     297     209     9     9	A
15    1     0     28     181     2     26	A
16    0     0     70     140     6     21	D
17    1     0     277     111     4     23	D
18    0     0     337     84     4     17	C
19    0     0     46     5     9     3	A
20    2     0     310     218     3     27	A
21    1     0     223     43     2     6	B
22    0     0     16     207     1     6	C
23    2     0     114     196     5     29	B
24    1     0     119     137     6     3	D
25    1     0     370     211     5     4	A
26    2     0     91     206     3     22	C
27    1     0     243     171     4     26	B
28    2     0     64     188     1     4	D
29    2     0     158     194     1     28	A
30    0     0     171     29     6     6	A
31    0     0     17     97     8     18	A
32    2     0     121     97     9     14	C
33    2     0     171     217     3     1	A
34    0     0     34     178     1     24	A
35    1     0     372     102     4     15	B
36    1     0     78     57     7     6	A
37    0     0     243     30     7     22	B
38    0     1     18     119     2     24	D
39    2     1     249     62     7     20	A
40    0     1     67     84     1     27	D
41    2     1     288     159     6     15	B
42    2     1     321     151     6     7	C
43    1     1     79     5     1     17	B
44    1     1     93     44     5     24	D
45    1     1     240     53     8     14	C
46    2     1     194     120     6     22	C
47    2     1     391     123     8     6	A
48    2     1     240     8     7     24	C
49    2     1     3     219     8     9	C
50    0     1     295     93     5     29	A
51    2     1     323     162     1     11	B
52    2     1     339     57     8     24	A
53    1     1     17     219     7     26	D
54    0     1     70     36     8     26	C
55    1     1     231     6     7     20	B
56    0     1     360     207     3     9	D
57    2     1     169     114     4     10	D
58    2     1     198     163     1     18	B
59    2     1     256     85     4     3	B
60    1     1     277     20     4     15	B
61    0     1     275     132     4     3	A
62    2     1     48     73     3     25	B
63    1     1     192     152     6     29	B
64    2     1     324     187     6     11	A
65    0     1     80     66     5     25	B
66    0     1     49     209     2     5	C
67    0     1     394     103     4     6	A
68    2     1     326     19     4     5	B
69    0     1     376     32     2     13	D
70    1     1     248     39     2     8	A
71    1     1     80     95     1     14	A
72    2     2     9     154     6     11	D
73    2     2     384     177     3     16	C
74    1     2     22     204     3     23	A
75    0     2     315     190     9     4	B
76    1     2     228     161     9     28	C
77    0     2     340     147     8     1	A
78    2     2     74     50     8     3	A
79    0     2     298     214     5     13	D
80    1     2     52     187     7     7	A
81    2     2     211     19     3     8	B
82    1     2     381     38     1     17	B
83    0     2     69     105     2     17	B
84    2     2     330     156     9     14	A
85    1     2     183     176     5     6	A
86    2     2     97     106     5     2	B
87    2     2     153     20     9     29	C
88    2     2     328     187     9     23	A
89    1     2     235     12     9     18	C
90    0     2     32     132     6     24	B
91    2     2     388     92     7     5	C
92    0     2     196     175     8     29	C
93    1     2     176     147     8     12	B
94    1     2     229     194     6     18	C
95    2     2     1     179     2     25	D
96    1     2     37     141     1     2	A
97    2     2     310     55     7     15	D
98    0     2     303     165     4     7	C
99    2     2     140     132     6     6	A
100    1     2     169     139     4     14	C
101    2     2     55     114     4     5	A
102    2     2     407     149     8     28	D
103    0     2     307     109     1     10	C
104    2     2     241     120     9     21	A
105    0     2     153     35     7     13	D
106    0     2     3     205     7     16	A
107    1     2     150     84     9     13	C
108    2     2     191     61     3     13	D
109    2     3     350     29     7     14	C
110    1     3     5     44     4     19	B
111    1     3     214     134     8     5	C
112    0     3     75     189     9     9	A
113    0     3     204     177     6     15	B
114    1     3     63     110     1     28	D
115    2     3     185     94     4     26	C
116    2     3     88     65     7     11	D
117    2     3     23     65     3     21	D
118    0     3     70     194     6     2	B
119    0     3     400     207     2     26	B
120    2     3     267     203     8     26	A
121    1     3     139     201     5     14	B
122    2     3     175     15     6     16	D
123    2     3     15     31     9     14	C
124    1     3     275     153     3     20	D
125    1     3     72     9     3     17	B
126    0     3     178     113     7     11	A
127    0     3     25     216     9     7	B
128    1     3     305     139     8     4	A
129    0     3     107     205     1     21	C
130    2     3     190     96     4     22	B
131    1     3     261     89     9     10	C
132    1     3     170     89     8     2	B
133    2     3     57     95     2     29	D
134    2     3     167     185     7     18	C
135    2     3     80     35     1     4	C
136    0     4     65     37     1     28	D
137    0     4     421     161     1     17	B
138    1     4     143     79     8     18	D
139    1     4     297     43     2     7	A
140    2     4     16     125     1     18	A
141    2     4     416     178     1     22	B
142    1     4     125     109     2     18	C
143    1     4     220     101     5     16	D
144    0     4     131     87     7     15	D
145    0     4     24     38     1     24	A
146    1     4     251     124     4     24	B
147    1     4     159     48     4     22	A
148    2     4     68     93     7     29	A
149    1     4     303     12     9     27	C
150    2     4     209     182     1     27	A
151    2     4     267     209     6     20	C
152    2     4     37     177     6     15	A
153    1     4     388     174     1     21	A
154    1     4     367     173     8     1	D
155    2     4     134     6     1     12	B
156    0     4     216     90     1     29	B
157    1     4     55     37     4     11	B
158    1     4     206     41     1     6	C
159    2     4     270     150     5     24	D
160    1     4     305     19     1     8	A
161    1     4     396     221     8     17	C
162    2     4     335     155     6     21	B
163    0     4     83     165     9     18	C
164    0     4     185     73     4     14	C
165    1     4     368     177     4     20	C
166    2     4     18     24     7     25	C
167    1     4     361     56     2     24	B
168    2     4     125     19     5     19	A
169    1     5     255     69     4     9	B
170    1     5     175     112     6     6	C
171    2     5     56     97     3     5	D
172    2     5     278     108     4     19	B
173    0     5     28     177     7     13	B
174    2     5     302     178     6     3	B
175    2     5     406     142     2     10	A
176    2     5     100     204     5     11	B
177    0     5     270     145     2     26	A
178    1     5     278     193     7     5	A
179    0     5     403     71     9     1	C
180    0     5     334     120     4     25	B
181    2     5     118     39     3     18	A
182    0     5     405     170     9     27	D
183    0     5     72     205     2     19	C
184    2     5     92     77     2     18	C
185    2     5     293     142     5     27	D
186    1     5     22     18     2     16	B
187    2     5     165     48     9     15	D
188    1     5     292     116     9     21	A
189    2     5     84     137     9     18	A
190    2     5     260     199     6     19	C
191    1     6     234     77     3     26	B
192    2     6     43     85     1     13	C
193    1     6     367     127     4     3	B
194    2     6     296     73     2     13	D
195    1     6     47     162     5     17	B
196    2     6     311     129     2     23	A
197    2     6     343     163     6     11	D
198    2     6     5     124     2     8	C
199    1     6     340     49     2     2	A
200    1     6     164     222     7     5	D
201    1     6     106     73     6     3	D
202    0     6     417     96     5     22	D
203    2     6     282     82     7     7	B
204    0     6     123     33     2     2	C
205    0     6     173     185     8     16	A
206    2     6     119     209     3     11	B
207    0     6     405     87     4     13	A
208    0     6     299     4     6     1	B
209    0     6     76     85     3     9	D
210    1     6     118     180     2     18	D
211    0     6     132     145     2     4	D
212    2     6     111     31     3     16	C
213    0     6     121     170     9     2	D
214    0     6     311     12     9     29	C
215    1     6     210     108     3     1	A
216    0     6     125     224     3     11	D
217    2     7     336     109     9     13	A
218    2     7     320     170     7     13	B
219    2     7     335     112     8     9	B
220    0     7     304     37     1     29	D
221    2     7     219     202     6     24	D
222    0     7     254     208     9     28	D
223    2     7     246     194     8     16	D
224    1     7     332     158     5     24	A
225    1     7     271     48     5     12	D
226    1     7     154     106     3     25	C
227    0     7     31     134     7     18	B
228    1     7     346     161     5     10	C
229    1     7     402     6     4     17	A
230    0     7     182     197     3     29	A
231    2     7     132     67     3     14	D
232    2     7     304     171     5     11	B
233    2     7     350     53     1     13	B
234    0     7     56     110     4     7	A
235    2     7     199     16     1     28	A
236    0     7     44     173     2     24	B
237    0     7     240     61     8     25	A
238    2     7     322     210     4     8	B
239    0     7     314     192     5     27	A
240    2     7     178     13     6     23	B
241    1     7     193     118     4     29	A
242    0     7     371     1     3     8	C
243    0     7     377     88     9     12	D
244    2     7     257     58     7     3	A
245    0     7     28     197     8     3	A
246    0     7     162     151     5     13	D
247    2     8     183     209     8     18	A
248    2     8     89     131     6     9	D
249    0     8     171     130     2     28	D
250    2     8     182     166     5     22	D
251    0     8     56     11     2     9	B
252    0     8     289     33     7     23	D
253    0     8     343     154     1     28	C
254    1     8     149     163     6     26	D
255    2     8     123     107     5     2	B
256    0     8     324     169     1     22	A
257    2     8     358     123     7     23	B
258    1     8     162     219     3     7	B
259    0     8     63     181     8     22	B
260    0     8     104     19     5     21	C
261    1     8     411     143     9     23	D
262    0     8     339     213     9     24	C
263    1     8     413     77     9     19	D
264    1     8     86     218     9     26	D
265    1     8     392     65     2     24	C
266    1     8     187     62     4     1	D
267    1     8     111     80     6     17	B
268    0     8     229     191     2     12	A
269    0     8     358     89     1     12	D
270    2     8     390     145     4     6	B
271    1     8     139     65     8     19	B
272    1     8     30     97     6     18	A
273    0     8     70     120     6     8	C
274    0     8     8     206     8     8	C
275    1     8     113     170     3     6	C
276    0     8     211     61     1     4	A
277    2     8     9     97     2     15	A
278    0     8     209     128     4     28	B
279    0     8     104     33     2     18	A
280    2     8     15     21     8     10	A
281    2     8     391     172     8     28	C
282    0     8     345     196     4     14	D
283    0     8     270     24     6     5	D
284    2     8     32     24     8     15	D
285    2     8     324     98     7     25	C
286    1     8     156     207     2     9	C
287    1     8     418     199     8     5	C
288    1     8     3     214     9     28	A
289    2     9     202     177     1     22	A
290    0     9     285     54     1     9	B
291    0     9     197     18     2     28	C
292    1     9     128     80     1     2	C
293    2     9     223     38     9     1	C
294    0     9     39     209     4     24	D
295    1     9     332     76     7     5	A
296    1     9     299     158     2     9	C
297    2     9     101     209     2     10	D
298    2     9     109     203     4     15	A
299    0     9     317     56     9     5	B
300    0     9     113     3     2     2	B
301    0     9     48     202     1     17	A
302    0     9     337     120     6     1	D
303    1     9     361     40     3     1	C
304    1     9     212     72     1     22	A
305    0     9     352     163     5     9	A
306    0     9     368     27     5     3	A
307    2     9     117     165     2     16	B
308    0     9     172     191     6     23	B
309    1     9     386     135     7     8	C
310    0     9     277     11     9     12	A
311    0     9     15     195     1     29	A
312    2     9     188     17     7     6	C
313    2     9     351     93     6     8	B
314    1     9     216     214     7     8	B
315    2     9     273     66     2     3	B
316    1     9     201     13     3     23	D
317    2     9     199     47     9     4	B
318    2     9     205     206     7     4	C
319    2     9     136     24     4     28	B
320    0     9     44     56     2     7	A
321    1     9     192     91     9     8	A
322    1     9     111     52     7     20	D
323    1     9     78     107     3     1	B
324    0     9     73     26     8     23	A
325    1     9     93     86     5     10	B
326    2     9     216     26     3     26	B
327    1     9     53     1     3     12	C
328    1     9     416     75     1     22	A
329    1     9     26     138     3     10	D
330    2     9     160     203     5     3	B
331    1     9     116     26     1     4	C
332    1     9     210     213     8     14	A
-1