442    19    273
4.0758525053 3.41858568554 0.580736450836 
0    0     0     11     217     8     9    C
1    0     2     334     150     2     26    D
2    2     3     174     241     3     18    D
3    0     8     28     179     7     5    A
4    1     8     111     72     2     17    A
5    2     6     204     161     9     16    C
6    2     3     185     173     6     11    B
7    0     7     206     6     8     22    C
8    2     9     363     77     7     2    A
9    2     9     390     200     3     26    A
10    1     7     22     84     8     3    D
11    2     6     34     224     8     3    C
12    0     0     363     56     6     16    B
13    0     5     243     15     1     15    D
14    2     1     160     30     2     28    D
15    0     6     271     61     9     2    A
16    2     3     20     134     8     3    B
17    2     7     220     15     9     11    C
18    2     6     406     81     8     21    D
19    1     6     424     97     7     20    C
20    0     9     356     177     6     16    B
21    2     5     291     179     4     11    B
22    2     0     134     150     3     18    B
23    0     5     427     244     6     28    C
24    2     1     320     44     2     26    C
25    1     9     235     35     3     19    B
26    2     2     233     255     9     4    A
27    2     2     350     58     8     15    D
28    2     7     333     165     8     27    C
29    1     4     383     84     5     15    D
30    1     3     82     216     1     10    D
31    0     2     64     49     6     3    D
32    1     7     301     35     6     10    A
33    1     1     224     244     6     18    A
34    2     2     23     55     8     8    A
35    1     4     168     245     9     3    B
36    0     0     371     166     1     6    A
37    1     4     90     186     8     21    C
38    2     3     166     196     6     14    C
39    2     5     212     82     9     1    D
40    2     0     231     237     9     14    B
41    0     0     49     249     4     6    B
42    1     6     154     61     5     16    B
43    2     8     287     214     3     2    C
44    0     6     204     86     1     23    B
45    1     5     119     43     9     17    C
46    1     3     214     256     1     29    B
47    2     4     351     50     8     14    D
48    1     0     201     167     1     16    D
49    2     2     408     199     4     2    D
50    2     7     201     191     7     5    C
51    0     0     192     155     4     29    C
52    1     5     291     125     2     18    C
53    0     2     123     90     1     10    B
54    1     8     207     180     4     1    C
55    2     3     242     231     8     25    B
56    0     8     115     15     9     6    B
57    0     9     193     35     2     29    C
58    1     8     46     164     6     5    C
59    2     9     268     108     1     16    B
60    1     4     128     137     1     4    A
61    1     7     408     110     7     27    A
62    1     2     380     196     6     29    D
63    2     7     372     116     7     10    A
64    2     9     424     174     1     15    C
65    0     1     17     220     4     12    C
66    2     8     111     93     6     2    B
67    1     8     293     166     4     18    B
68    0     1     117     176     8     13    A
69    2     3     118     31     7     8    A
70    1     2     279     68     1     16    B
71    1     7     423     73     6     26    D
72    0     1     373     133     9     21    C
73    2     7     12     241     3     15    B
74    1     8     407     73     9     25    B
75    2     5     258     127     2     2    A
76    0     3     408     242     3     9    C
77    2     2     434     176     9     6    B
78    2     5     41     225     6     5    A
79    2     5     354     79     1     28    C
80    0     5     59     216     5     2    B
81    2     7     360     209     8     15    C
82    1     5     280     163     3     10    B
83    2     2     85     7     8     28    D
84    2     0     411     3     3     10    D
85    1     0     375     182     6     4    C
86    1     7     40     181     5     12    D
87    2     0     56     139     9     19    A
88    1     8     178     23     2     10    D
89    0     0     100     33     9     4    D
90    2     8     105     158     4     10    B
91    0     8     154     238     4     20    A
92    0     2     204     149     6     23    C
93    1     8     292     168     6     11    D
94    1     1     31     115     4     22    D
95    0     5     207     91     9     12    D
96    2     0     323     224     2     20    D
97    1     9     208     81     8     15    A
98    2     9     350     169     1     29    D
99    2     8     179     161     2     21    B
-1