261    9    132
8.19278295124 1.31594218766 4.61559948908 
0    2     4     119     42     1     15    B
1    2     9     32     28     7     6    D
2    2     9     218     9     2     16    D
3    2     4     40     112     8     25    B
4    1     2     50     86     4     10    C
5    1     1     211     14     3     13    C
6    2     8     112     6     3     23    C
7    2     4     259     6     3     16    B
8    1     8     9     42     3     4    C
9    1     7     45     99     8     22    D
10    1     9     88     49     2     21    A
11    1     5     72     29     9     6    D
12    1     4     103     89     2     6    D
13    2     5     15     87     9     18    A
14    2     3     88     105     3     13    B
15    0     0     164     119     5     1    C
16    0     5     43     70     7     29    D
17    2     8     123     66     7     11    C
18    2     9     66     93     8     3    D
19    0     8     254     125     5     6    D
-1