127    1    197
6.37504212836 2.0260949017 9.80171393403 
0    0     9     40     170     6     2    A
1    1     5     104     85     1     1    D
2    0     7     60     116     1     15    A
3    1     9     6     24     2     18    C
4    0     4     119     76     5     17    B
5    1     9     117     145     9     1    C
6    1     6     18     82     7     4    C
7    1     6     59     58     3     29    D
8    0     7     59     163     5     1    D
9    0     4     81     192     1     14    B
10    0     9     63     25     7     24    A
11    1     3     109     1     3     19    A
12    0     4     60     137     9     6    B
13    0     3     50     132     5     4    A
14    0     0     32     69     8     23    A
15    2     9     68     7     8     21    D
16    0     5     119     193     9     4    D
17    2     4     30     48     9     28    C
18    0     5     18     148     4     5    B
19    2     4     22     128     2     23    B
20    0     8     124     147     7     3    C
21    1     2     71     71     4     24    D
22    1     4     44     101     4     2    B
23    1     2     112     105     2     25    D
24    0     7     94     6     8     29    C
25    0     0     8     16     9     13    B
26    2     1     124     148     8     7    C
27    2     2     50     10     4     1    A
28    1     0     27     29     7     28    C
29    1     3     47     40     3     9    C
30    2     4     61     79     1     25    B
31    0     7     78     156     6     10    C
32    0     0     31     70     8     21    B
33    2     1     23     171     3     27    D
34    1     3     44     122     5     4    A
35    2     6     48     51     3     7    D
36    0     8     70     42     8     12    D
37    0     7     96     152     9     19    A
38    0     9     21     196     9     16    B
39    2     8     35     160     9     8    D
40    2     9     88     102     5     24    B
41    0     4     90     27     9     12    A
42    0     4     109     51     3     12    D
43    0     8     76     170     1     24    D
44    2     5     56     51     5     17    C
45    0     3     89     89     5     6    D
46    0     5     96     43     9     3    A
47    1     8     38     124     4     27    D
48    2     0     103     66     3     3    C
49    0     9     57     121     2     8    B
50    1     6     31     54     7     2    B
51    2     9     14     18     6     12    C
52    2     0     84     18     3     27    A
53    1     1     16     50     9     27    A
54    0     0     5     122     4     17    B
55    1     9     83     2     7     18    A
56    1     5     119     22     4     22    D
57    1     6     46     158     6     21    A
58    2     6     64     175     5     10    C
59    2     7     42     22     5     1    B
60    2     2     34     181     1     13    D
61    1     1     57     73     1     15    A
62    1     6     48     158     6     13    D
63    0     3     123     80     2     5    B
64    1     2     73     5     7     28    B
65    2     9     85     54     8     22    A
66    2     1     85     145     3     7    C
67    2     1     78     1     8     13    D
68    0     9     111     55     1     22    C
69    1     6     96     39     9     8    A
70    1     0     88     52     5     25    C
71    2     6     34     180     4     21    D
72    2     5     100     58     9     27    D
73    2     4     122     1     5     6    B
74    2     7     9     194     7     14    C
75    1     6     19     124     2     28    D
76    1     9     108     3     7     24    D
77    2     3     99     163     5     6    D
-1