227    1    238
5.76294522426 3.86383891008 2.82981568701 
0    2     6     143     16     3     14    C
1    0     8     118     50     5     21    A
2    2     2     122     204     3     7    A
3    2     3     69     176     4     18    B
4    0     5     78     68     6     7    B
5    1     4     124     72     4     9    C
6    1     8     61     169     8     21    C
7    1     0     138     166     8     25    B
8    1     9     39     131     8     20    B
9    1     7     169     130     2     23    B
10    0     3     28     107     4     11    B
11    0     2     3     41     2     29    B
12    0     7     189     161     6     20    D
13    1     3     62     142     8     1    D
14    1     1     182     46     5     7    A
15    2     5     31     77     5     2    D
16    0     9     113     95     4     9    D
17    2     4     131     176     6     6    C
18    0     9     126     128     2     23    D
19    2     9     181     154     1     16    D
20    2     2     5     203     5     23    B
21    2     4     79     195     9     21    B
22    1     2     174     221     3     24    C
23    2     5     215     71     1     22    D
24    2     8     4     229     4     1    C
25    2     9     82     65     6     29    A
26    2     4     111     121     5     14    C
27    1     9     84     184     3     16    B
28    1     2     113     110     8     3    B
29    1     4     117     9     6     26    D
30    1     2     150     172     3     3    D
31    0     9     82     165     1     9    B
32    1     3     220     64     7     26    B
33    0     4     91     87     3     12    B
34    1     4     160     219     1     7    D
35    1     5     130     154     3     17    D
36    0     8     1     146     5     4    C
37    0     0     116     61     7     10    C
38    0     1     82     124     5     19    D
39    0     7     131     103     6     7    C
40    2     4     209     235     7     1    D
41    1     3     177     232     3     20    B
42    2     2     95     208     8     29    A
43    2     7     14     208     4     20    D
44    2     0     147     137     6     3    D
45    0     1     123     92     5     23    A
46    2     5     75     55     5     3    C
47    2     8     139     209     3     19    A
48    0     4     182     132     8     6    C
49    0     5     33     109     9     24    A
50    1     2     172     97     1     10    D
51    1     4     45     83     3     19    B
52    1     9     151     135     7     24    D
53    2     0     136     129     2     28    D
54    2     5     180     63     4     2    A
55    2     7     171     196     3     1    A
56    0     3     184     145     4     24    B
57    2     8     204     12     2     25    C
58    0     1     166     50     1     16    D
59    1     4     125     93     9     24    C
60    0     1     168     114     6     6    B
61    2     4     210     110     9     29    D
62    2     9     78     56     4     12    A
63    0     6     98     4     3     5    C
64    1     6     43     88     1     10    A
65    2     4     18     211     6     19    B
66    0     3     157     150     5     21    B
67    1     6     19     200     4     25    D
68    1     7     123     74     7     2    D
69    2     2     166     11     1     19    C
70    2     2     39     17     7     14    A
71    2     2     151     204     9     19    D
72    2     4     89     10     9     19    B
73    2     6     91     120     9     17    A
74    0     1     164     91     3     16    A
75    0     0     125     186     9     9    C
76    2     7     208     207     9     9    D
77    2     0     20     130     3     8    A
78    2     9     6     48     5     1    A
79    0     3     168     109     1     25    B
80    1     5     53     120     2     13    D
81    0     3     36     221     6     15    B
82    0     6     110     18     5     21    B
83    2     9     171     47     8     16    C
84    2     4     218     166     8     5    D
85    1     6     90     197     1     29    A
86    0     3     169     10     7     12    B
87    1     8     79     58     7     22    A
88    1     0     161     25     8     4    A
89    2     6     114     197     3     24    D
90    1     7     27     31     4     16    D
91    0     3     28     131     6     17    C
92    0     9     16     201     1     6    A
93    0     1     68     229     7     12    B
94    1     8     143     76     9     14    D
95    1     2     59     227     2     13    D
96    2     1     115     22     8     12    B
97    2     9     154     153     8     7    B
98    1     2     161     44     8     29    B
99    2     9     221     214     2     19    D
100    0     4     173     53     9     6    D
101    2     1     226     128     8     25    D
102    0     6     144     219     6     3    C
103    0     6     192     135     6     2    B
104    0     7     97     156     3     20    C
105    1     9     46     60     9     2    D
106    2     9     175     54     1     27    C
107    2     0     112     174     4     14    B
108    1     6     190     53     4     4    A
109    1     0     66     59     7     28    D
110    0     2     20     223     8     6    D
111    0     5     193     162     3     7    B
112    2     9     197     117     5     24    D
113    0     3     42     32     1     18    A
114    2     4     101     154     6     3    D
115    2     5     141     35     6     28    C
116    2     4     70     114     2     14    B
117    2     2     183     115     6     23    D
118    1     1     175     221     6     29    A
119    1     2     147     127     6     16    C
120    2     0     136     45     3     11    A
121    1     2     126     175     6     13    A
122    0     1     178     110     2     21    A
123    0     7     120     208     1     22    A
124    1     8     133     74     1     17    B
125    0     2     175     62     2     20    B
126    0     4     111     148     1     5    B
127    2     8     182     23     1     22    A
128    2     1     123     74     5     18    A
129    2     0     127     1     9     22    C
130    0     8     145     133     6     18    A
131    2     7     129     163     8     19    A
132    1     1     161     219     7     7    D
133    1     7     148     227     3     25    D
134    0     0     183     228     6     26    C
135    0     9     193     109     1     20    B
136    0     2     93     28     4     13    B
137    2     1     204     147     5     25    D
138    2     9     199     188     7     10    C
139    2     0     20     27     9     27    D
140    1     6     76     234     3     2    B
141    2     4     170     128     4     17    B
142    1     6     167     211     2     14    B
143    2     1     144     126     6     8    B
144    2     2     89     183     7     3    C
145    1     8     3     44     2     17    A
146    1     9     70     156     2     13    A
147    0     6     215     39     4     27    D
148    2     1     215     22     4     25    C
149    2     2     169     156     9     20    C
150    2     4     140     211     7     26    D
151    0     4     63     108     7     3    C
152    1     4     16     162     6     5    B
153    0     0     11     128     4     3    A
154    0     1     181     217     2     12    C
155    0     2     26     229     2     9    A
156    1     2     151     133     4     27    D
157    0     5     58     37     6     14    D
158    2     6     176     81     9     3    D
159    1     1     175     182     2     19    A
160    1     1     174     135     8     6    A
161    1     6     144     69     9     4    A
162    1     1     98     25     6     5    B
163    1     2     59     73     5     6    C
164    0     2     81     50     8     4    C
165    0     0     196     159     3     23    C
166    2     9     92     15     8     22    B
167    1     5     168     170     1     19    B
168    2     4     7     150     8     29    D
169    1     6     92     142     6     18    B
170    2     4     119     206     4     15    B
171    1     3     84     122     2     8    A
172    0     7     60     90     1     7    B
173    1     8     48     30     3     4    C
174    1     2     161     111     9     1    A
175    1     4     81     60     4     1    A
176    2     4     40     106     2     5    C
177    2     9     116     204     2     3    A
178    1     2     69     223     8     26    C
179    1     5     150     41     2     21    C
180    1     0     6     60     4     13    D
181    0     8     75     210     7     19    A
182    1     3     185     235     5     15    A
183    2     9     14     155     3     20    D
184    0     3     18     208     9     6    D
185    0     8     96     126     6     17    A
186    2     9     22     19     5     8    A
187    0     3     212     119     2     14    C
188    1     2     186     232     6     20    A
189    2     0     52     200     2     9    B
190    1     0     26     209     1     23    B
191    1     1     200     236     2     21    A
192    2     4     68     138     9     25    C
193    1     3     207     211     7     17    A
194    2     4     88     152     4     17    D
195    0     1     150     57     9     9    C
196    1     5     25     82     2     21    A
197    1     5     178     48     3     2    A
198    0     6     143     237     1     20    D
199    1     5     137     12     9     20    D
200    0     1     3     54     4     9    A
201    2     4     172     130     7     15    B
202    2     0     112     83     9     29    C
203    0     8     117     83     5     27    D
204    1     8     97     30     3     20    A
205    1     4     80     65     8     10    B
206    1     8     42     63     6     19    C
207    0     2     85     171     7     22    C
208    1     2     119     9     6     6    A
209    2     9     158     63     1     14    A
210    0     3     44     36     5     26    C
211    0     8     170     195     8     17    C
212    2     5     94     81     1     20    A
213    1     2     71     1     2     4    B
214    1     6     201     135     8     8    B
215    2     4     21     101     5     7    A
216    1     6     40     236     8     2    B
217    1     6     89     206     2     1    B
218    2     1     209     186     9     28    B
219    1     2     144     25     8     11    D
220    2     4     27     223     8     14    B
221    0     6     89     10     3     14    D
222    1     6     87     149     2     10    B
223    1     7     108     157     4     5    A
224    0     9     58     111     3     8    C
225    1     7     81     172     2     10    A
226    0     4     46     124     3     27    B
227    1     6     56     34     8     3    D
228    0     1     14     149     6     8    D
229    2     9     34     29     7     9    D
230    0     2     205     237     9     21    A
231    0     6     162     28     9     8    C
232    0     1     159     163     5     8    C
233    1     7     126     77     4     14    B
234    0     6     137     233     7     6    B
235    0     2     213     185     4     29    B
236    0     1     149     20     4     22    D
237    1     5     107     209     2     29    B
238    1     8     146     102     8     24    B
239    0     7     41     149     1     9    A
240    0     2     154     63     3     15    D
241    0     4     96     78     3     10    B
242    0     9     66     51     7     10    B
243    1     0     158     36     4     24    B
244    1     8     101     188     9     25    C
245    2     6     96     191     6     27    C
246    2     0     45     59     4     3    A
247    1     6     217     50     3     10    D
248    0     7     181     69     2     7    C
249    2     4     181     15     1     27    B
250    2     0     103     42     2     26    C
251    1     8     163     113     9     15    A
252    2     6     6     139     6     16    A
253    1     5     40     226     4     18    B
254    0     0     169     33     4     15    A
255    0     6     20     231     6     18    B
256    0     1     224     162     7     2    B
257    0     4     195     160     4     3    B
258    1     4     26     212     7     23    D
259    1     0     65     215     8     29    D
260    1     1     113     220     5     25    B
261    0     0     40     39     9     6    B
262    0     6     67     213     6     21    A
263    0     0     52     143     1     24    D
264    1     4     54     58     1     15    D
265    2     2     176     117     9     7    C
266    0     2     91     115     6     28    B
267    2     9     126     33     1     6    B
268    2     6     139     194     6     17    D
269    1     1     166     152     2     22    C
270    1     3     223     205     4     1    D
271    0     2     182     153     7     6    B
272    2     2     102     140     2     4    A
273    0     3     84     71     9     29    A
274    0     6     65     77     5     23    B
275    2     6     198     112     5     16    B
276    0     8     198     20     7     7    B
277    0     4     35     7     1     3    A
278    2     4     26     171     5     24    B
279    0     7     138     82     3     4    D
280    0     8     206     6     4     6    C
281    1     3     38     94     3     18    C
282    0     9     198     157     1     27    B
283    2     2     203     222     5     13    C
284    1     3     26     25     4     18    C
285    2     3     45     171     6     9    C
286    0     2     181     124     8     17    D
287    0     6     108     228     8     24    B
288    1     9     93     171     9     25    D
289    1     0     128     169     2     6    C
290    2     0     91     143     5     14    A
291    0     3     152     58     9     7    D
292    1     1     193     157     5     10    C
293    0     1     156     1     1     19    D
294    1     6     5     147     6     1    B
295    2     2     170     185     1     17    B
296    0     3     74     186     1     2    B
297    1     4     207     21     4     22    D
298    1     5     24     228     1     12    A
299    2     9     160     223     9     12    C
300    0     1     137     97     4     7    A
301    0     0     138     77     1     20    D
302    2     8     183     85     7     7    A
303    2     9     177     35     7     19    D
304    2     5     128     152     6     12    C
305    0     2     152     20     1     23    C
306    1     9     150     3     3     3    C
307    0     0     128     84     6     24    B
308    0     4     9     4     7     28    D
309    1     8     165     169     2     26    A
310    1     0     28     138     9     1    A
311    2     3     134     34     1     8    C
312    0     4     65     125     7     17    A
313    1     6     48     158     1     2    B
314    2     7     48     52     5     16    A
315    1     8     210     33     9     12    D
316    0     2     65     229     4     18    B
317    0     0     21     40     2     29    A
318    2     0     10     150     6     21    A
319    1     1     67     153     4     18    B
320    2     8     70     163     6     6    B
321    0     4     106     107     5     11    B
322    1     6     178     188     2     27    A
323    0     4     27     77     4     15    D
324    2     6     138     13     2     6    B
325    2     4     122     204     5     21    A
326    2     4     67     62     8     13    D
327    0     1     56     132     7     29    A
328    2     1     74     60     2     29    A
329    0     5     200     43     1     21    A
330    0     3     104     181     8     23    B
331    0     1     156     24     6     10    B
332    2     5     79     100     7     19    B
333    0     4     177     197     1     27    A
334    1     3     174     165     2     10    A
335    2     6     23     156     7     14    B
336    2     4     137     215     6     23    A
337    0     3     24     72     9     12    D
338    1     5     140     68     6     3    D
339    2     6     64     148     8     17    A
340    2     5     125     216     7     13    C
341    1     7     125     18     1     28    C
342    0     9     135     120     1     7    B
343    2     6     106     90     8     1    C
344    2     5     100     89     4     8    B
345    1     2     112     34     2     12    C
346    0     1     142     107     7     21    B
347    0     9     218     150     3     5    B
348    2     1     114     28     7     5    A
349    1     1     146     160     1     13    B
-1