22    3    56
0.0177907165123 9.88145231837 2.18265926752 
0    2     1     2     49     7     14    A
1    1     5     15     24     6     16    D
2    0     6     18     35     5     18    B
3    2     6     19     31     2     10    B
4    1     0     15     6     8     8    A
5    2     5     14     48     1     14    B
6    0     3     11     42     1     24    B
7    1     8     3     43     4     16    B
8    1     2     9     26     2     9    A
9    0     8     18     29     3     2    B
10    0     8     2     11     6     4    C
11    0     1     21     27     5     23    D
12    1     0     19     15     5     11    A
13    1     4     3     45     2     21    D
14    2     2     3     11     1     17    D
15    0     7     21     26     8     14    A
16    2     1     11     33     1     11    D
17    1     7     16     35     3     5    B
18    2     7     2     55     9     17    D
19    2     7     9     27     6     2    D
20    0     8     13     45     8     2    D
21    0     1     21     30     8     13    B
22    0     0     17     2     8     11    B
23    0     7     12     48     6     14    B
24    1     3     8     24     1     1    D
25    0     9     1     21     7     24    B
26    2     7     16     15     8     23    B
27    1     4     13     46     1     1    D
28    0     8     10     24     5     19    C
29    1     9     5     42     8     19    C
30    1     0     3     43     8     14    A
31    1     2     19     33     1     21    C
32    1     4     17     34     7     4    A
33    0     2     7     46     9     10    C
34    0     8     6     5     8     21    D
35    0     3     4     46     2     17    D
36    1     1     8     47     2     1    A
37    0     4     9     39     4     28    B
38    2     3     19     41     2     9    B
39    1     0     18     48     3     1    C
40    2     0     7     11     9     11    C
41    0     2     14     9     6     7    B
42    2     6     17     23     1     12    D
43    1     5     15     25     6     5    B
44    2     0     4     2     4     13    D
45    2     4     16     32     2     8    C
46    2     4     21     21     2     18    A
47    2     2     4     49     8     6    D
48    1     9     13     45     1     25    A
49    1     5     5     41     7     19    D
50    2     4     9     48     8     18    C
51    2     8     2     49     5     9    A
52    2     3     13     36     4     2    B
53    1     3     2     10     9     23    A
54    0     6     19     50     8     26    B
55    2     6     13     5     4     24    C
56    2     1     3     42     6     28    C
57    2     9     5     44     6     15    B
58    0     3     1     16     1     23    D
59    2     3     7     16     3     25    A
60    1     6     4     40     2     28    D
61    1     6     13     41     1     10    D
62    1     7     17     55     6     3    C
63    2     3     1     16     3     16    D
64    2     4     7     16     9     8    D
65    2     9     9     1     3     20    B
66    0     8     21     43     9     2    B
67    0     4     1     43     3     20    D
68    0     6     16     26     6     18    D
69    1     7     15     5     4     26    A
70    0     0     11     17     9     3    C
71    0     2     12     29     1     22    D
72    2     8     15     55     2     10    C
73    1     9     6     23     3     19    D
74    0     7     8     35     5     7    D
75    0     6     8     43     6     12    C
76    2     0     21     44     7     20    D
77    2     8     7     49     2     17    A
78    1     9     19     19     6     7    D
79    0     2     1     2     8     6    C
80    1     4     17     28     5     21    C
81    0     1     11     27     8     25    C
82    2     7     9     45     5     11    C
83    1     7     4     16     9     22    D
84    2     6     8     20     5     17    D
85    0     1     13     45     8     21    A
86    0     1     14     51     1     20    C
87    1     6     8     19     2     10    C
88    2     6     4     7     4     21    B
89    0     2     3     26     2     18    A
90    1     2     12     24     1     18    A
91    2     9     19     14     1     15    B
92    2     6     11     28     8     18    C
93    1     0     19     13     4     26    D
94    2     6     5     7     8     6    C
95    2     3     7     49     2     29    A
96    0     3     20     23     9     16    C
97    2     8     17     48     6     18    C
98    2     9     13     28     4     22    C
99    2     5     4     13     2     5    A
-1