128    16    198
9.30915050231 2.33801688383 7.30055549777 
0    1     5     82     124     1     19    D
1    0     9     119     94     2     13    A
2    0     4     89     196     7     1    C
3    1     1     40     139     1     6    A
4    2     1     66     10     7     22    C
5    2     3     35     11     3     21    D
6    2     1     55     28     2     28    A
7    0     8     119     65     2     25    D
8    0     4     16     23     2     23    C
9    0     7     27     122     3     27    C
10    2     7     103     6     2     5    A
11    0     9     1     28     8     23    D
12    1     4     88     96     3     15    C
13    0     0     118     20     1     17    B
14    0     4     64     23     7     6    B
15    1     7     64     115     3     7    C
16    0     4     68     103     2     13    B
17    2     4     53     151     6     3    C
18    2     1     31     169     6     19    C
19    0     6     59     186     4     18    B
20    1     2     31     157     1     13    A
21    1     7     32     128     4     27    B
22    0     2     64     109     9     8    A
23    1     5     17     30     1     29    D
24    0     0     118     193     9     17    A
25    0     3     84     36     5     4    A
26    1     6     39     114     9     28    B
27    0     3     100     164     2     3    C
28    2     6     27     146     5     27    D
29    1     1     15     90     4     26    C
30    2     9     110     55     4     13    C
31    1     0     17     113     4     1    D
32    0     6     108     155     5     22    A
33    2     3     119     114     5     25    A
34    2     7     126     134     8     3    D
35    2     9     73     151     1     10    C
36    0     6     22     52     8     2    B
37    2     9     72     92     6     16    B
38    2     6     122     77     6     20    C
39    2     8     25     149     9     7    D
40    1     3     26     46     8     24    B
41    1     7     80     2     5     11    C
42    2     3     15     5     9     19    D
43    0     9     33     61     7     22    A
44    1     6     120     84     8     10    C
45    1     9     115     4     8     22    B
46    0     6     125     176     6     20    B
47    1     8     30     65     2     21    A
48    0     7     50     59     8     7    C
49    2     4     8     158     3     11    D
50    2     2     36     79     5     6    D
51    0     2     86     92     6     23    A
52    0     1     111     173     5     8    A
53    2     0     28     37     8     9    D
54    2     2     70     25     8     23    B
55    1     0     80     55     1     16    D
56    0     5     108     65     4     15    C
57    0     5     111     5     6     2    B
58    1     8     30     94     3     7    A
59    0     6     86     123     6     8    A
-1