271    10    99
6.76697485692 1.00518565229 3.62807514946 
0    2     8     41     1     6     1    B
1    1     1     268     33     6     19    C
2    2     3     68     42     6     20    A
3    0     0     108     93     8     11    D
4    2     7     141     69     9     20    A
5    2     3     71     11     8     22    B
6    0     5     179     11     9     21    C
7    0     6     153     94     8     18    B
8    0     2     190     40     7     25    D
9    1     1     69     1     3     7    D
10    1     2     119     17     7     4    D
11    2     5     252     59     3     19    D
12    0     7     167     12     4     3    B
13    1     8     4     75     2     22    B
14    1     5     55     82     9     25    C
15    0     7     207     92     7     22    C
16    1     9     209     56     5     14    A
17    1     7     26     63     5     4    B
18    0     9     196     66     1     19    D
19    0     4     132     68     6     10    A
-1